DEBUG_DUMP_BLOCK
A) config_and_splits
test_range: 2016-01-01 -> 2019-12-31
verify_range: 2020-01-01 -> 2023-12-31
rolling_eval_range: 2020-01-01 -> 2023-12-31
rolling_slice_freq: year
slice_id         train_start           train_end eval_start   eval_end embargo_gap  candidate_cap
    2020 2010-01-22 03:00:00 2019-12-26 22:00:00 2020-01-01 2020-12-31          7d            160
    2021 2010-01-22 03:00:00 2020-12-16 00:00:00 2021-01-01 2021-12-31          7d            160
    2022 2010-01-22 03:00:00 2021-12-28 03:00:00 2022-01-01 2022-12-31          7d            160
    2023 2010-01-22 03:00:00 2022-12-27 21:00:00 2023-01-01 2023-12-31          7d            160
rolling_candidate_pool_count: 104
rolling_slice_freq_suggestion: consider halfyear/quarter; low_eval_total_slices=2020(35), 2021(38)
boundary_drop_total: 17
        reason  dropped_count
cross_boundary             14
       embargo              3
B) leakage_audit_summary
leakage_audit_rows: 2
feature_type  violation_count  max_violation_seconds sample_entries  na_count
          H1                0                    0.0                        0
          H4                0                    0.0                        0
leakage_violation_total: 0
C) threshold_fit_and_walkforward
slice_id  q_long  q_short  threshold_value_long  threshold_value_short  train_n_long  train_n_short status
    2020     0.8     0.45              0.365895               0.912967         602.0          373.0     ok
    2021     0.8     0.45              0.358051               0.902348         621.5          396.0     ok
    2022     0.8     0.45              0.379487               0.900757         648.0          414.0     ok
    2023     0.8     0.45              0.384581               0.905179         682.0          428.0     ok
slice_id         train_start           train_end  train_n  eval_n  long_n  short_n
    2020 2010-01-22 03:00:00 2019-12-26 22:00:00      498      35      19       20
    2021 2010-01-22 03:00:00 2020-12-16 00:00:00      537      38      28       17
    2022 2010-01-22 03:00:00 2021-12-28 03:00:00      582      47      38       12
    2023 2010-01-22 03:00:00 2022-12-27 21:00:00      632      48      38       13
D) rolling_summary_tables
top15_by_rolling_robust_score
candidate_id    mode  tp1_frac  tp2_frac  sl_frac  q_short  q_long  min_tp1  min_sharpe_simple  min_freq_y  min_n worst_slice_id  rolling_robust_score
      L00164 ml_only      0.20      0.72     0.26     0.40    0.85 0.733333           0.356003   26.089286     26           2021             10.007437
      L00167 ml_only      0.20      0.72     0.26     0.40    0.80 0.733333           0.326247   25.085852     25           2021              8.964749
      C01950 ml_only      0.20      0.66     0.24     0.50    0.75 0.666667           0.311311   25.085852     25           2023              7.597868
      C01944 ml_only      0.20      0.66     0.24     0.45    0.75 0.666667           0.311311   24.082418     24           2023              7.386374
      C01938 ml_only      0.20      0.66     0.24     0.40    0.75 0.633333           0.263823   24.082418     24           2023              5.873086
      C01932 ml_only      0.20      0.66     0.24     0.35    0.75 0.633333           0.263823   23.078984     23           2023              5.675541
      L00161 ml_only      0.20      0.72     0.26     0.40    0.70 0.718750           0.232343   23.078984     23           2021              5.521147
      C01926 ml_only      0.20      0.66     0.24     0.30    0.75 0.620690           0.249603   21.072115     21           2023              5.004980
      L00016 ml_only      0.22      0.66     0.24     0.50    0.85 0.638889           0.152109   23.078984     23           2023              3.456576
      L00088 ml_only      0.22      0.66     0.24     0.50    0.80 0.638889           0.152109   23.078984     23           2023              3.414845
      L00092 ml_only      0.22      0.66     0.24     0.45    0.85 0.628571           0.121600   22.075549     22           2023              2.649897
      L00014 ml_only      0.22      0.66     0.24     0.45    0.80 0.628571           0.121600   22.075549     22           2023              2.617113
      L00012 ml_only      0.22      0.66     0.24     0.45    0.70 0.628571           0.121600   20.068681     20           2023              2.476355
      L00072 ml_only      0.22      0.66     0.24     0.50    0.70 0.636364           0.097977   21.072115     21           2021              2.077892
      L00156 ml_only      0.20      0.66     0.24     0.50    0.90 0.648649           0.067164   27.092720     27           2023              1.700862
top15_by_min_sharpe_simple
candidate_id    mode  tp1_frac  tp2_frac  sl_frac  q_short  q_long  min_tp1  min_sharpe_simple  min_freq_y  min_n worst_slice_id  rolling_robust_score
      L00164 ml_only      0.20      0.72     0.26     0.40    0.85 0.733333           0.356003   26.089286     26           2021             10.007437
      L00167 ml_only      0.20      0.72     0.26     0.40    0.80 0.733333           0.326247   25.085852     25           2021              8.964749
      C01944 ml_only      0.20      0.66     0.24     0.45    0.75 0.666667           0.311311   24.082418     24           2023              7.386374
      C01950 ml_only      0.20      0.66     0.24     0.50    0.75 0.666667           0.311311   25.085852     25           2023              7.597868
      C01938 ml_only      0.20      0.66     0.24     0.40    0.75 0.633333           0.263823   24.082418     24           2023              5.873086
      C01932 ml_only      0.20      0.66     0.24     0.35    0.75 0.633333           0.263823   23.078984     23           2023              5.675541
      C01926 ml_only      0.20      0.66     0.24     0.30    0.75 0.620690           0.249603   21.072115     21           2023              5.004980
      L00161 ml_only      0.20      0.72     0.26     0.40    0.70 0.718750           0.232343   23.078984     23           2021              5.521147
      L00088 ml_only      0.22      0.66     0.24     0.50    0.80 0.638889           0.152109   23.078984     23           2023              3.414845
      L00016 ml_only      0.22      0.66     0.24     0.50    0.85 0.638889           0.152109   23.078984     23           2023              3.456576
      L00012 ml_only      0.22      0.66     0.24     0.45    0.70 0.628571           0.121600   20.068681     20           2023              2.476355
      L00014 ml_only      0.22      0.66     0.24     0.45    0.80 0.628571           0.121600   22.075549     22           2023              2.617113
      L00092 ml_only      0.22      0.66     0.24     0.45    0.85 0.628571           0.121600   22.075549     22           2023              2.649897
      L00072 ml_only      0.22      0.66     0.24     0.50    0.70 0.636364           0.097977   21.072115     21           2021              2.077892
      L00156 ml_only      0.20      0.66     0.24     0.50    0.90 0.648649           0.067164   27.092720     27           2023              1.700862
rolling_constraint_hit_rate: total=65 dropped_eval_n=39 dropped_constraints=63
E) pareto_summary
pareto_rolling_count: 6
candidate_id  min_tp1  median_tp1  min_sharpe_simple  median_sharpe_simple  min_freq_y  median_freq_y  max_max_dd  total_n  rolling_robust_score
      L00110 0.766667    0.807407          -0.598362             -0.135546   21.072115      26.054922   -0.238200      103              0.000000
      L00113 0.736842    0.808530          -0.453749             -0.135800   25.085852      33.575179   -0.235075      130              0.000000
      L00116 0.725000    0.796378          -0.280788             -0.157647   28.096154      36.579983   -0.258907      142              0.000000
      L00156 0.648649    0.778788           0.067164              0.613166   27.092720      35.074832   -0.163874      137              1.700862
      L00163 0.717949    0.763889          -0.094598              0.408536   27.092720      35.568301   -0.274681      139              0.000000
      L00164 0.733333    0.753036           0.356003              0.417994   26.089286      34.064525   -0.183731      135             10.007437
pareto_rolling_constrained_count: 1
candidate_id  min_tp1  median_tp1  min_sharpe_simple  median_sharpe_simple  min_freq_y  median_freq_y  max_max_dd  total_n  rolling_robust_score
      L00164 0.733333    0.753036           0.356003              0.417994   26.089286      34.064525   -0.183731      135             10.007437
pareto_robust_count: 23
candidate_id    mode  tp1_frac  tp2_frac  sl_frac  q_short  q_long long_rule short_rule  test_tp1_hit_rate  verify_tp1_hit_rate  test_sum_pnl  verify_sum_pnl  test_max_dd  verify_max_dd  test_sharpe_simple  verify_sharpe_simple  test_sharpe  verify_sharpe  test_n  verify_n  test_freq_y  verify_freq_y  test_p95_mae  verify_p95_mae  near_miss  risk_dd_ok  risk_mae_ok  worst_fold_sharpe_simple  worst_fold_sharpe  worst_fold_tp1  worst_fold_max_dd  worst_fold_p95_mae  fold1_n  fold2_n  fold1_tp1  fold2_tp1  fold1_sharpe_simple  fold2_sharpe_simple  fold1_sharpe  fold2_sharpe  fold1_max_dd  fold2_max_dd  folds_valid  min_sharpe  min_tp1  min_freq
      C01043 ml_only      0.18      0.66     0.24     0.45    0.70      NONE       NONE           0.773050             0.803030       187.420         769.408    -0.145509      -0.081196            0.784643              1.991436     0.345241       0.890020     141       132    35.274144      33.022603      1.237263        1.191069      False        True         True                  0.832652           0.507921        0.774648          -0.119858            1.275842       61       71   0.836066   0.774648             1.935678             0.832652      1.192946      0.507921     -0.066483     -0.119858         True    0.345241 0.773050 33.022603
      C01044 ml_only      0.18      0.66     0.24     0.45    0.75      NONE       NONE           0.770833             0.798507       167.744         749.374    -0.165262      -0.077355            0.696920              1.931859     0.312714       0.857252     144       134    36.024658      33.522945      1.226811        1.197463      False        True         True                  0.866400           0.527140        0.777778          -0.112265            1.272019       62       72   0.822581   0.777778             1.818941             0.866400      1.121132      0.527140     -0.067909     -0.112265         True    0.312714 0.770833 33.522945
      C01049 ml_only      0.18      0.66     0.24     0.50    0.70      NONE       NONE           0.767123             0.795620       142.768         732.532    -0.160031      -0.096348            0.587820              1.877893     0.272923       0.825924     146       137    36.525000      34.273459      1.219843        1.188634      False        True         True                  0.899663           0.545484        0.777778          -0.119858            1.259958       65       72   0.815385   0.777778             1.711150             0.899663      1.052534      0.545484     -0.096348     -0.119858         True    0.272923 0.767123 34.273459
      L00001 ml_only      0.22      0.66     0.26     0.50    0.70      NONE       NONE           0.739130             0.727273       359.938         699.252    -0.111745      -0.120508            1.295887              1.557042     0.548625       0.642242     115       110    28.769692      27.518836      1.246191        1.210806      False        True         True                  0.816768           0.346397        0.709677          -0.166479            1.281018       48       62   0.750000   0.709677             1.394276             0.816768      0.809122      0.346397     -0.084361     -0.166479         True    0.548625 0.727273 27.518836
      L00012 ml_only      0.22      0.66     0.24     0.45    0.70      NONE       NONE           0.719697             0.727273       357.128         986.842    -0.116035      -0.080654            1.312323              2.063106     0.543180       0.912009     132       121    33.022603      30.270719      1.248109        1.233512      False        True         True                  0.743512           0.302547        0.686567          -0.128179            1.279709       54       67   0.777778   0.686567             2.132366             0.743512      1.292422      0.302547     -0.062172     -0.128179         True    0.543180 0.719697 30.270719
      L00020 ml_only      0.20      0.66     0.28     0.50    0.85      NONE       NONE           0.759259             0.779817       314.844         764.740    -0.128256      -0.113903            1.146634              1.888422     0.504716       0.819324     108       109    27.018493      27.268664      1.319715        1.156672      False        True         True                  0.787835           0.480627        0.741935          -0.166899            1.185847       47       62   0.829787   0.741935             1.877093             0.787835      1.099453      0.480627     -0.101214     -0.166899         True    0.504716 0.759259 27.018493
      L00063 ml_only      0.24      0.66     0.24     0.45    0.70      NONE       NONE           0.705426             0.714286       459.356         904.986    -0.118723      -0.126887            1.616912              1.824008     0.634460       0.783549     129       119    32.272089      29.770377      1.251724        1.237745      False        True         True                  0.932572           0.426137        0.696970          -0.126887            1.280261       53       66   0.735849   0.696970             1.596818             0.932572      0.986766      0.426137     -0.126887     -0.123491         True    0.634460 0.705426 29.770377
      L00066 ml_only      0.24      0.66     0.24     0.45    0.80      NONE       NONE           0.688406             0.704000       393.724         912.232    -0.119339      -0.132034            1.315680              1.813455     0.541025       0.780061     138       125    34.523630      31.271404      1.268800        1.267376      False        True         True                  0.805376           0.341947        0.681159          -0.132538            1.278604       56       69   0.732143   0.681159             1.692959             0.805376      1.030207      0.341947     -0.132034     -0.132538         True    0.541025 0.688406 31.271404
      L00069 ml_only      0.24      0.66     0.24     0.50    0.85      NONE       NONE           0.680556             0.686567       347.048         738.568    -0.120452      -0.180807            1.145232              1.434269     0.496020       0.622301     144       134    36.024658      33.522945      1.257749        1.255442      False        True         True                  0.557178           0.176654        0.671233          -0.180807            1.275842       61       73   0.704918   0.671233             1.406239             0.557178      0.866284      0.176654     -0.180807     -0.177531         True    0.496020 0.680556 33.522945
      L00072 ml_only      0.22      0.66     0.24     0.50    0.70      NONE       NONE           0.708029             0.722222       303.692         954.250    -0.116035      -0.082257            1.099435              1.981237     0.482904       0.865688     137       126    34.273459      31.521575      1.242083        1.233365      False        True         True                  0.800672           0.341658        0.691176          -0.126301            1.277499       58       68   0.758621   0.691176             1.953946             0.800672      1.187560      0.341658     -0.082257     -0.126301         True    0.482904 0.708029 31.521575
      L00073 ml_only      0.22      0.66     0.28     0.50    0.70      NONE       NONE           0.735294             0.729167       322.640         720.340    -0.136640      -0.109048            1.160753              1.607806     0.507734       0.656942     102        96    25.517466      24.016438      1.357362        1.176731      False        True         True                  0.628092           0.217830        0.690909          -0.158391            1.246494       41       55   0.780488   0.690909             1.704842             0.628092      0.929738      0.217830     -0.100619     -0.158391         True    0.507734 0.729167 24.016438
      L00077 ml_only      0.22      0.66     0.28     0.50    0.85      NONE       NONE           0.740741             0.711538       374.016         618.932    -0.118943      -0.150382            1.310215              1.329607     0.567567       0.556545     108       104    27.018493      26.017808      1.319715        1.183983      False        True         True                  0.266973          -0.011731        0.666667          -0.220547            1.209846       44       60   0.772727   0.666667             1.694565             0.266973      0.938538     -0.011731     -0.100619     -0.220547         True    0.556545 0.711538 26.017808
      L00092 ml_only      0.22      0.66     0.24     0.45    0.85      NONE       NONE           0.706294             0.715385       298.934         935.654    -0.125656      -0.097053            1.040184              1.910305     0.452682       0.857723     143       130    35.774486      32.522260      1.258954        1.261719      False        True         True                  0.442250           0.102900        0.671233          -0.161229            1.278052       57       73   0.771930   0.671233             2.219835             0.442250      1.328961      0.102900     -0.063429     -0.161229         True    0.452682 0.706294 32.522260
      L00110 ml_only      0.16      0.66     0.24     0.45    0.70      NONE       NONE           0.789116             0.830882        82.968         478.758    -0.183028      -0.121888            0.364528              1.330761     0.185486       0.591157     147       136    36.775171      34.023288      1.216359        1.189121      False        True         True                  0.353550           0.222044        0.802817          -0.165782            1.259958       65       71   0.861538   0.802817             1.486238             0.353550      0.881239      0.222044     -0.120990     -0.165782         True    0.185486 0.789116 34.023288
      L00113 ml_only      0.16      0.66     0.24     0.45    0.80      NONE       NONE           0.777070             0.818182        40.564         458.052    -0.199740      -0.138551            0.167941              1.239977     0.112834       0.553661     157       143    39.276884      35.774486      1.251999        1.199093      False        True         True                  0.325076           0.206009        0.797297          -0.173301            1.245261       69       74   0.840580   0.797297             1.367884             0.325076      0.819533      0.206009     -0.138551     -0.173301         True    0.112834 0.777070 35.774486
      L00116 ml_only      0.16      0.66     0.24     0.50    0.85      NONE       NONE           0.775000             0.815068        31.400         438.338    -0.208061      -0.138551            0.129681              1.177894     0.097960       0.532302     160       146    40.027397      36.525000      1.240947        1.224982      False        True         True                  0.240981           0.159921        0.792208          -0.174619            1.245261       69       77   0.840580   0.792208             1.367884             0.240981      0.819533      0.159921     -0.138551     -0.174619         True    0.097960 0.775000 36.525000
      L00126 ml_only      0.18      0.66     0.24     0.45    0.85      NONE       NONE           0.764706             0.787234       159.302         716.744    -0.160966      -0.095270            0.630398              1.799396     0.292476       0.816007     153       141    38.276199      35.274144      1.266734        1.233512      False        True         True                  0.663844           0.413012        0.763158          -0.139695            1.260551       65       76   0.815385   0.763158             1.817398             0.663844      1.127577      0.413012     -0.067909     -0.139695         True    0.292476 0.764706 35.274144
      L00132 ml_only      0.18      0.66     0.24     0.50    0.75      NONE       NONE           0.765101             0.791367       123.092         712.498    -0.179748      -0.116798            0.503140              1.819571     0.240998       0.794363     149       139    37.275514      34.773801      1.209391        1.196722      False        True         True                  0.933365           0.564486        0.780822          -0.116798            1.256729       66       73   0.803030   0.780822             1.599699             0.933365      0.983799      0.564486     -0.116798     -0.112265         True    0.240998 0.765101 34.773801
      L00149 ml_only      0.20      0.66     0.26     0.50    0.90      NONE       NONE           0.759690             0.763359       304.834         727.422    -0.121824      -0.113321            1.078862              1.731555     0.464103       0.769610     129       131    32.272089      32.772432      1.258836        1.210321      False        True         True                  0.752482           0.461187        0.739726          -0.163261            1.276394       58       73   0.793103   0.739726             1.659420             0.752482      1.023468      0.461187     -0.100268     -0.163261         True    0.464103 0.759690 32.272089
      L00159 ml_only      0.20      0.72     0.26     0.50    0.85      NONE       NONE           0.761006             0.787097       276.440         668.992    -0.125570      -0.196674            0.939549              1.507254     0.411962       0.657850     159       155    39.777226      38.776541      1.293050        1.270759      False        True         True                  0.848515           0.519777        0.776316          -0.196674            1.274870       79       76   0.797468   0.776316             1.249201             0.848515      0.784666      0.519777     -0.196674     -0.152430         True    0.411962 0.761006 38.776541
F) top_candidates_by_slice
candidate_id: L00164
slice_id         train_start           train_end eval_start   eval_end  eval_n  tp1_hit_rate  sharpe_simple    freq_y    max_dd  sum_pnl
    2020 2010-01-22 03:00:00 2019-12-26 22:00:00 2020-01-01 2020-12-31      38      0.736842       0.405673 38.026027 -0.183731   89.596
    2021 2010-01-22 03:00:00 2020-12-16 00:00:00 2021-01-01 2021-12-31      26      0.769231       0.356003 26.089286 -0.135904   65.080
    2022 2010-01-22 03:00:00 2021-12-28 03:00:00 2022-01-01 2022-12-31      41      0.780488       0.430314 41.140797 -0.152625   93.620
    2023 2010-01-22 03:00:00 2022-12-27 21:00:00 2023-01-01 2023-12-31      30      0.733333       0.552736 30.103022 -0.087268  101.664
candidate_id: L00110
slice_id         train_start           train_end eval_start   eval_end  eval_n  tp1_hit_rate  sharpe_simple    freq_y    max_dd  sum_pnl
    2020 2010-01-22 03:00:00 2019-12-26 22:00:00 2020-01-01 2020-12-31      25      0.800000      -0.598362 25.017123 -0.238200  -99.978
    2021 2010-01-22 03:00:00 2020-12-16 00:00:00 2021-01-01 2021-12-31      21      0.857143       1.141470 21.072115 -0.092024  156.626
    2022 2010-01-22 03:00:00 2021-12-28 03:00:00 2022-01-01 2022-12-31      27      0.814815      -0.342668 27.092720 -0.122836  -33.912
    2023 2010-01-22 03:00:00 2022-12-27 21:00:00 2023-01-01 2023-12-31      30      0.766667       0.071577 30.103022 -0.111439   11.188
F2) constrained_pareto_top3_by_slice
candidate_id: L00164
slice_id         train_start           train_end eval_start   eval_end  eval_n  tp1_hit_rate  sharpe_simple    freq_y    max_dd  sum_pnl
    2020 2010-01-22 03:00:00 2019-12-26 22:00:00 2020-01-01 2020-12-31      38      0.736842       0.405673 38.026027 -0.183731   89.596
    2021 2010-01-22 03:00:00 2020-12-16 00:00:00 2021-01-01 2021-12-31      26      0.769231       0.356003 26.089286 -0.135904   65.080
    2022 2010-01-22 03:00:00 2021-12-28 03:00:00 2022-01-01 2022-12-31      41      0.780488       0.430314 41.140797 -0.152625   93.620
    2023 2010-01-22 03:00:00 2022-12-27 21:00:00 2023-01-01 2023-12-31      30      0.733333       0.552736 30.103022 -0.087268  101.664
